# Ordered pairs (i, j) meaning `E_i => E_j`, unresolved by Vampire in
# Janota, arXiv:2508.15856, run of 2025-08-11 (data/2025-08-11-vampire.json.gz
# in teorth/equational_theories). All are false implications: Vampire proved
# every implication that holds, so the entire residue is negative.
63 1692
65 359
65 614
65 817
65 1426
65 1491
65 3862
65 4065
73 99
73 125
73 203
73 229
73 255
73 4380
73 4435
118 222
206 1648
229 73
229 4435
261 307
261 2035
261 2061
261 2644
261 2847
261 3253
261 3456
271 1895
274 47
274 99
274 118
274 203
274 222
274 4380
274 4435
464 2457
464 3066
474 3278
476 359
476 3862
476 4065
503 359
503 3862
503 4065
511 614
511 714
511 1020
511 1120
511 1223
511 2238
511 2338
511 2441
511 2847
511 3050
511 3079
511 4380
511 4435
670 817
677 255
707 1223
707 1316
707 2238
707 2331
707 2847
713 359
713 817
713 3862
713 4065
854 413
854 1045
854 1055
854 1067
854 3316
854 3925
879 4065
883 2035
883 2304
907 255
907 836
907 843
917 1629
917 1729
917 2441
917 2541
1076 3
1076 8
1076 23
1076 26
1076 47
1076 65
1076 73
1076 99
1076 102
1076 117
1076 125
1076 151
1076 160
1076 167
1076 203
1076 212
1076 229
1076 255
1076 258
1076 263
1076 307
1076 326
1076 335
1076 359
1076 362
1076 375
1076 411
1076 429
1076 437
1076 464
1076 473
1076 504
1076 513
1076 546
1076 562
1076 614
1076 617
1076 632
1076 640
1076 679
1076 704
1076 817
1076 826
1076 833
1076 872
1076 879
1076 910
1076 917
1076 949
1076 962
1076 1029
1076 1046
1076 1085
1076 1110
1076 1119
1076 1223
1076 1226
1076 1231
1076 1278
1076 1323
1076 1426
1076 1455
1076 1482
1076 1491
1076 1518
1076 1526
1076 1629
1076 1632
1076 1654
1076 1658
1076 1662
1076 1682
1076 1721
1076 1729
1076 1790
1076 1832
1076 1838
1076 1850
1076 1861
1076 1873
1076 1885
1076 1897
1076 1925
1076 1967
1076 2035
1076 2044
1076 2053
1076 2060
1076 2100
1076 2125
1076 2238
1076 2267
1076 2294
1076 2300
1076 2328
1076 2330
1076 2441
1076 2449
1076 2457
1076 2470
1076 2485
1076 2503
1076 2533
1076 2541
1076 2586
1076 2644
1076 2653
1076 2663
1076 2672
1076 2699
1076 2744
1076 2847
1076 2850
1076 2863
1076 2875
1076 2910
1076 2939
1076 3050
1076 3053
1076 3058
1076 3066
1076 3075
1076 3079
1076 3083
1076 3094
1076 3113
1076 3253
1076 3271
1076 3279
1076 3319
1076 3343
1076 3352
1076 3456
1076 3459
1076 3474
1076 3482
1076 3518
1076 3522
1076 3526
1076 3558
1076 3607
1076 3659
1076 3668
1076 3675
1076 3715
1076 3722
1076 3761
1076 3862
1076 3871
1076 3888
1076 3915
1076 3924
1076 3954
1076 4065
1076 4068
1076 4073
1076 4118
1076 4127
1076 4131
1076 4135
1076 4146
1076 4157
1076 4290
1076 4321
1076 4369
1076 4380
1076 4383
1076 4408
1076 4435
1076 4443
1076 4470
1076 4585
1076 4636
1076 4656
1112 8
1112 411
1112 1832
1112 3253
1112 3319
1112 3862
1112 3915
1117 2441
1117 2444
1117 2530
1117 2534
1117 2538
1133 1035
1133 1055
1133 1085
1133 1096
1133 1150
1133 1167
1133 1202
1133 1634
1133 1657
1133 1668
1133 1681
1133 1701
1133 1721
1133 1742
1133 1763
1133 1797
1133 1816
1133 1860
1133 1875
1133 1884
1133 1912
1133 1958
1133 2000
1133 2024
1133 3877
1133 3897
1133 3952
1133 3972
1133 3989
1133 4006
1133 4040
1133 4587
1133 4606
1133 4615
1133 4645
1133 4666
1133 4689
1167 1025
1167 1055
1167 1096
1167 1112
1167 1133
1167 1150
1167 1202
1167 1634
1167 1657
1167 1668
1167 1681
1167 1701
1167 1721
1167 1742
1167 1763
1167 1797
1167 1816
1167 1847
1167 1875
1167 1897
1167 1912
1167 1958
1167 1979
1167 2024
1167 3867
1167 3897
1167 3925
1167 3935
1167 3972
1167 4006
1167 4040
1167 4587
1167 4606
1167 4615
1167 4645
1167 4666
1167 4689
1286 3
1286 8
1286 23
1286 47
1286 99
1286 151
1286 203
1286 255
1286 307
1286 326
1286 359
1286 375
1286 411
1286 614
1286 817
1286 1020
1286 1083
1286 1426
1286 1629
1286 1832
1286 2035
1286 2238
1286 2301
1286 2441
1286 2504
1286 2644
1286 2847
1286 3050
1286 3253
1286 3319
1286 3456
1286 3522
1286 3659
1286 3715
1286 3722
1286 3862
1286 3915
1286 4065
1286 4118
1286 4380
1286 4435
1286 4470
1289 513
1289 2507
1289 2913
1289 4435
1323 2744
1437 4269
1437 4316
1447 1431
1447 4269
1447 4316
1485 151
1485 152
1485 166
1485 1427
1485 1429
1485 1430
1485 1481
1485 1483
1485 2051
1485 2087
1485 2124
1485 2161
1485 2163
1485 3456
1485 3457
1485 3511
1485 3862
1485 3877
1485 3955
1491 65
1516 255
1516 1489
1518 47
1518 614
1518 817
1518 3862
1526 1223
1526 1323
1526 2744
1648 23
1648 151
1648 203
1648 206
1648 307
1648 1426
1648 1832
1648 2238
1648 2441
1648 3050
1648 3253
1648 3456
1648 3522
1648 4065
1648 4118
1659 1631
1659 1633
1659 1655
1659 1656
1659 1660
1659 1661
1659 1663
1659 1833
1659 1837
1659 1839
1659 1851
1659 1852
1659 1860
1659 1862
1659 1871
1659 1872
1659 1874
1659 2446
1659 2452
1659 2460
1659 2463
1659 2477
1659 2481
1659 2489
1659 3458
1659 3460
1659 3519
1659 3520
1659 3524
1659 3525
1659 3527
1659 4268
1659 4282
1659 4314
1659 4315
1659 4339
1659 4357
1661 1630
1661 1633
1661 1656
1661 1657
1661 1659
1661 1660
1661 1663
1661 1833
1661 1837
1661 1839
1661 1851
1661 1852
1661 1860
1661 1862
1661 1871
1661 1872
1661 1874
1661 2443
1661 2452
1661 2463
1661 2467
1661 2473
1661 2477
1661 2489
1661 3457
1661 3460
1661 3520
1661 3521
1661 3523
1661 3524
1661 3527
1661 4268
1661 4282
1661 4314
1661 4315
1661 4339
1661 4357
1692 23
1692 47
1692 63
1692 1832
1692 1922
1692 2441
1692 3050
1692 3456
1692 3522
1692 4065
1692 4118
1701 411
1701 1884
1701 3253
1701 3319
1701 3877
1701 3915
1722 1832
1722 2644
1722 2737
1722 3050
1722 3143
1729 817
1729 917
1839 1630
1839 2441
1839 2443
1839 3456
1839 3457
1839 3522
1839 4065
1839 4118
1839 4268
1839 4282
1895 8
1895 255
1895 271
1895 411
1895 1020
1895 1629
1895 1685
1895 3253
1895 3319
1895 3862
1895 3915
1898 2644
1898 2710
1924 8
1924 99
1924 124
1924 151
1924 359
1924 411
1924 1020
1924 1223
1924 1629
1924 2035
1924 3253
1924 3319
1924 3862
1924 3915
1924 4065
1925 411
1925 504
1925 817
1925 910
1925 1629
1979 1035
1979 1055
1979 1085
1979 1096
1979 1150
1979 1167
1979 1202
1979 1634
1979 1657
1979 1668
1979 1681
1979 1701
1979 1721
1979 1742
1979 1763
1979 1797
1979 1816
1979 1860
1979 1875
1979 1884
1979 1912
1979 1958
1979 2000
1979 2024
1979 3877
1979 3897
1979 3952
1979 3972
1979 3989
1979 4006
1979 4040
1979 4587
1979 4606
1979 4615
1979 4645
1979 4666
1979 4689
2000 1025
2000 1055
2000 1096
2000 1112
2000 1133
2000 1150
2000 1202
2000 1634
2000 1657
2000 1668
2000 1681
2000 1701
2000 1721
2000 1742
2000 1763
2000 1797
2000 1816
2000 1847
2000 1875
2000 1897
2000 1912
2000 1958
2000 1979
2000 2024
2000 3867
2000 3897
2000 3925
2000 3935
2000 3972
2000 4006
2000 4040
2000 4587
2000 4606
2000 4615
2000 4645
2000 4666
2000 4689
2054 255
2054 2644
2054 2847
2054 3456
2056 2040
2056 4584
2056 4631
2061 261
2070 4584
2070 4631
2091 47
2091 2098
2101 883
2101 2238
2101 2304
2162 151
2162 152
2162 166
2162 1427
2162 1429
2162 1430
2162 1481
2162 1483
2162 2051
2162 2087
2162 2124
2162 2161
2162 2163
2162 3456
2162 3457
2162 3511
2162 3862
2162 3877
2162 3955
2301 3
2301 8
2301 23
2301 47
2301 99
2301 151
2301 203
2301 255
2301 307
2301 326
2301 359
2301 375
2301 411
2301 614
2301 817
2301 1020
2301 1083
2301 1223
2301 1286
2301 1426
2301 1629
2301 1832
2301 2035
2301 2441
2301 2504
2301 2644
2301 2847
2301 3050
2301 3253
2301 3319
2301 3456
2301 3522
2301 3659
2301 3715
2301 3722
2301 3862
2301 3915
2301 4065
2301 4118
2301 4380
2301 4435
2301 4470
2304 883
2338 511
2338 714
2338 1120
2460 23
2460 1629
2460 3050
2460 3456
2460 3522
2460 4065
2460 4118
2473 1631
2473 1633
2473 1655
2473 1656
2473 1660
2473 1661
2473 1663
2473 1833
2473 1837
2473 1839
2473 1851
2473 1852
2473 1860
2473 1862
2473 1871
2473 1872
2473 1874
2473 2446
2473 2452
2473 2460
2473 2463
2473 2477
2473 2481
2473 2489
2473 3458
2473 3460
2473 3519
2473 3520
2473 3524
2473 3525
2473 3527
2473 4268
2473 4282
2473 4314
2473 4315
2473 4339
2473 4357
2481 1630
2481 1633
2481 1656
2481 1657
2481 1659
2481 1660
2481 1663
2481 1833
2481 1837
2481 1839
2481 1851
2481 1852
2481 1860
2481 1862
2481 1871
2481 1872
2481 1874
2481 2443
2481 2452
2481 2463
2481 2467
2481 2473
2481 2477
2481 2489
2481 3457
2481 3460
2481 3520
2481 3521
2481 3523
2481 3524
2481 3527
2481 4268
2481 4282
2481 4314
2481 4315
2481 4339
2481 4357
2507 513
2531 3
2531 8
2531 16
2531 23
2531 47
2531 55
2531 72
2531 99
2531 118
2531 127
2531 151
2531 167
2531 179
2531 203
2531 209
2531 222
2531 228
2531 255
2531 261
2531 274
2531 307
2531 315
2531 326
2531 359
2531 375
2531 384
2531 411
2531 419
2531 436
2531 466
2531 474
2531 500
2531 513
2531 528
2531 575
2531 614
2531 633
2531 642
2531 669
2531 677
2531 703
2531 817
2531 833
2531 845
2531 883
2531 909
2531 916
2531 1020
2531 1026
2531 1039
2531 1045
2531 1075
2531 1086
2531 1098
2531 1122
2531 1184
2531 1223
2531 1229
2531 1242
2531 1279
2531 1313
2531 1325
2531 1426
2531 1434
2531 1444
2531 1452
2531 1482
2531 1525
2531 1629
2531 1647
2531 1655
2531 1682
2531 1691
2531 1722
2531 1731
2531 1764
2531 1780
2531 1832
2531 1840
2531 1851
2531 1885
2531 1898
2531 1913
2531 1921
2531 1934
2531 1949
2531 2035
2531 2054
2531 2061
2531 2101
2531 2125
2531 2137
2531 2238
2531 2254
2531 2263
2531 2304
2531 2327
2531 2450
2531 2467
2531 2497
2531 2506
2531 2540
2531 2644
2531 2650
2531 2660
2531 2699
2531 2710
2531 2722
2531 2737
2531 2743
2531 2776
2531 2847
2531 2865
2531 2873
2531 2903
2531 2912
2531 2936
2531 3050
2531 3056
2531 3068
2531 3079
2531 3091
2531 3103
2531 3115
2531 3143
2531 3185
2531 3253
2531 3261
2531 3278
2531 3306
2531 3319
2531 3334
2531 3345
2531 3353
2531 3414
2531 3456
2531 3475
2531 3484
2531 3522
2531 3548
2531 3556
2531 3659
2531 3675
2531 3687
2531 3715
2531 3722
2531 3748
2531 3862
2531 3868
2531 3881
2531 3887
2531 3915
2531 3951
2531 3962
2531 3973
2531 4023
2531 4065
2531 4071
2531 4084
2531 4118
2531 4130
2531 4164
2531 4275
2531 4307
2531 4321
2531 4380
2531 4409
2531 4435
2531 4443
2531 4470
2531 4479
2531 4605
2531 4636
2531 4684
2534 1020
2534 1113
2538 1020
2538 1023
2538 1109
2538 1113
2538 1117
2650 3253
2700 47
2700 2709
2700 2736
2700 2847
2710 1020
2710 1086
2710 1832
2710 1898
2712 2285
2712 2449
2712 2452
2712 2488
2712 3065
2712 3519
2712 4128
2744 1323
2744 1426
2744 1526
2856 2035
2856 3456
2910 47
2913 513
2937 2644
2940 614
2940 1316
3069 307
3069 3253
3069 3456
3076 307
3076 3253
3076 3456
3103 466
3103 1075
3113 3058
3113 4068
3116 411
3116 513
3116 614
3116 1020
3116 1223
3116 1289
3116 2238
3116 2441
3116 2507
3116 2847
3116 2913
3116 4380
3116 4435
3308 3456
3308 3511
3342 3456
3342 3522
3342 4065
3342 4118
3549 3862
3549 3955
3917 3456
3917 3511
4158 3862
4158 3955
4167 3253
4167 3319
4167 3862
4167 3915
